Optimal Path (coordinates):
[(2, 2), (3, 2), (4, 2), (5, 2), (5, 1), (6, 1), (7, 1), (7, 2), (7, 3), (7, 4), (7, 5), (7, 6), (7, 7), (8, 7), (8, 8), (9, 8), (9, 9), (9, 10), (9, 11), (9, 12), (9, 13), (9, 14), (9, 13), (9, 12), (8, 12), (7, 12), (6, 12), (5, 12), (4, 12), (3, 12), (3, 13), (3, 14), (3, 15), (3, 16), (2, 16), (1, 16), (1, 17), (1, 18), (1, 19), (1, 20), (1, 21), (1, 22), (2, 22), (3, 22), (4, 22), (5, 22), (6, 22), (7, 22), (8, 22), (9, 22), (10, 22), (10, 21), (10, 20), (9, 20)]

Optimal Path (cell numbers):
[51, 75, 99, 123, 122, 146, 170, 171, 172, 173, 174, 175, 176, 200, 201, 225, 226, 227, 228, 229, 230, 231, 230, 229, 205, 181, 157, 133, 109, 85, 86, 87, 88, 89, 65, 41, 42, 43, 44, 45, 46, 47, 71, 95, 119, 143, 167, 191, 215, 239, 263, 262, 261, 237]

Time Taken: 0.0026 s 

Nodes expanded: 162 

Computation time: 0.0026 s 

Number of targets: 2 

